9 12 3
18.93 1.75 1.32 15.96 11.65 1.07 14.11 14.67 6.53 1.11 1190 0
19.36 2.01 1.48 15.71 13.57 1.39 16.76 14.12 0.08 4.96 1226 0
10.12 1.42 6.33 10.54 16.73 2.16 17.19 13.42 1.85 4.89 1335 0
18.65 2.65 3.24 12.54 17.55 2.92 14.79 15.47 1.78 3.50 1402 1
11.12 1.70 9.84 13.35 17.36 0.49 18.13 15.32 3.71 7.15 1171 1
12.88 3.83 6.32 17.67 14.14 0.75 12.94 14.88 4.54 3.54 1120 1
15.00 1.26 3.52 16.37 18.89 1.05 12.93 11.90 1.70 1.97 1430 2
16.04 3.51 7.55 12.82 12.83 1.97 18.35 18.53 6.16 5.38 1304 2
14.47 2.75 2.72 11.96 12.89 1.54 12.41 19.54 0.08 4.10 1216 2
